[pysteg.jpeg] $Id: __init__.py 2204 2011-04-05 11:43:38Z georg $
w0:(5, 5, 1, 25)
conv0_s_1:Tensor("conv0/sub_1:0", shape=(40, 256, 256, 25), dtype=float32)
pool3_s_1:(40, 512)
training: batch result
epoch: 100
loss: 0.693146
accuracy: 0.5
 
training: batch result
epoch: 200
loss: 0.693147
accuracy: 0.5
 
training: batch result
epoch: 300
loss: 0.693147
accuracy: 0.5
 
training: batch result
epoch: 400
loss: 0.693148
accuracy: 0.5
 
